13
0 0.00000000 0.00000000 0.12500000 0.25000000 0.37500000 0.50000000 0.62500000 0.75000000 0.87500000 1.00000000 1.00000000 1
9
0 0.00000000 0.00000000 0.25000000 0.50000000 0.75000000 1.00000000 1.00000000 1
60
-0.64200000 -0.16132671 -0.08000000 1.0000
-0.64200000 -0.16607741 -0.07040647 1.0000
-0.64200000 -0.17311918 -0.05065626 1.0000
-0.64200000 -0.17776899 -0.03053977 1.0000
-0.64200000 -0.18008122 -0.01019922 1.0000
-0.64200000 -0.18008155 0.00000000 1.0000
-0.64200000 -0.14872347 -0.10497523 1.0000
-0.64200000 -0.15154178 -0.09215828 1.0000
-0.64200000 -0.15511670 -0.06610187 1.0000
-0.64200000 -0.15666876 -0.03977067 1.0000
-0.64200000 -0.15623077 -0.01327137 1.0000
-0.64200000 -0.15501977 0.00000000 1.0000
-0.64200000 -0.11289258 -0.14250658 1.0000
-0.64200000 -0.11375144 -0.12484565 1.0000
-0.64200000 -0.11407308 -0.08931266 1.0000
-0.64200000 -0.11300885 -0.05364234 1.0000
-0.64200000 -0.11056944 -0.01788802 1.0000
-0.64200000 -0.10865707 0.00000000 1.0000
-0.64200000 -0.07030335 -0.16749395 1.0000
-0.64200000 -0.07038096 -0.14660803 1.0000
-0.64200000 -0.06972737 -0.10476578 1.0000
-0.64200000 -0.06826443 -0.06287772 1.0000
-0.64200000 -0.06599374 -0.02096165 1.0000
-0.64200000 -0.06444872 0.00000000 1.0000
-0.64200000 -0.02389820 -0.17999974 1.0000
-0.64200000 -0.02385409 -0.15749977 1.0000
-0.64200000 -0.02350082 -0.11249983 1.0000
-0.64200000 -0.02288127 -0.06749989 1.0000
-0.64200000 -0.02199519 -0.02249996 1.0000
-0.64200000 -0.02141652 0.00000000 1.0000
-0.64200000 0.02373647 -0.17999658 1.0000
-0.64200000 0.02369189 -0.15749702 1.0000
-0.64200000 0.02333774 -0.11249787 1.0000
-0.64200000 0.02271734 -0.06749873 1.0000
-0.64200000 0.02183044 -0.02249957 1.0000
-0.64200000 0.02125138 0.00000000 1.0000
-0.64200000 0.07014311 -0.16749570 1.0000
-0.64200000 0.07021994 -0.14660956 1.0000
-0.64200000 0.06956487 -0.10476686 1.0000
-0.64200000 0.06810051 -0.06287837 1.0000
-0.64200000 0.06582844 -0.02096187 1.0000
-0.64200000 0.06428276 0.00000000 1.0000
-0.64200000 0.11272829 -0.14250469 1.0000
-0.64200000 0.11358731 -0.12484401 1.0000
-0.64200000 0.11390928 -0.08931149 1.0000
-0.64200000 0.11284537 -0.05364164 1.0000
-0.64200000 0.11040627 -0.01788778 1.0000
-0.64200000 0.10849405 0.00000000 1.0000
-0.64200000 0.14856403 -0.10497246 1.0000
-0.64200000 0.15138117 -0.09215587 1.0000
-0.64200000 0.15495385 -0.06610016 1.0000
-0.64200000 0.15650377 -0.03976964 1.0000
-0.64200000 0.15606372 -0.01327103 1.0000
-0.64200000 0.15485172 0.00000000 1.0000
-0.64200000 0.16116360 -0.08000000 1.0000
-0.64200000 0.16591430 -0.07040647 1.0000
-0.64200000 0.17295607 -0.05065626 1.0000
-0.64200000 0.17760588 -0.03053977 1.0000
-0.64200000 0.17991812 -0.01019922 1.0000
-0.64200000 0.17991845 0.00000000 1.0000
