15
0 0.00000000 0.00000000 0.00000000 0.00000000 0.16666667 0.33333333 0.50000000 0.66666667 0.83333333 1.00000000 1.00000000 1.00000000 1.00000000 1
12
0 0.00000000 0.00000000 0.00000000 0.00000000 0.33333333 0.66666667 1.00000000 1.00000000 1.00000000 1.00000000 1
70
0.64200000 0.16116360 -0.08000000 1.0000
0.64200000 0.16433168 -0.07360764 1.0000
0.64200000 0.16993248 -0.06063235 1.0000
0.64200000 0.17615393 -0.04070520 1.0000
0.64200000 0.17923356 -0.02039278 1.0000
0.64200000 0.17991801 -0.00679669 1.0000
0.64200000 0.17991845 0.00000000 1.0000
0.64200000 0.15283568 -0.09662938 1.0000
0.64200000 0.15513675 -0.08880563 1.0000
0.64200000 0.15908453 -0.07299923 1.0000
0.64200000 0.16305985 -0.04890262 1.0000
0.64200000 0.16421088 -0.02448481 1.0000
0.64200000 0.16374038 -0.00816085 1.0000
0.64200000 0.16319501 0.00000000 1.0000
0.64200000 0.13255177 -0.12629643 1.0000
0.64200000 0.13355050 -0.11591904 1.0000
0.64200000 0.13504138 -0.09506191 1.0000
0.64200000 0.13576080 -0.06352693 1.0000
0.64200000 0.13425068 -0.03178504 1.0000
0.64200000 0.13225546 -0.01059453 1.0000
0.64200000 0.13100872 0.00000000 1.0000
0.64200000 0.09331567 -0.15963434 1.0000
0.64200000 0.09341189 -0.14638734 1.0000
0.64200000 0.09328474 -0.11985453 1.0000
0.64200000 0.09213012 -0.07996078 1.0000
0.64200000 0.08953951 -0.03998857 1.0000
0.64200000 0.08716824 -0.01332934 1.0000
0.64200000 0.08581928 0.00000000 1.0000
0.64200000 0.03200460 -0.18184362 1.0000
0.64200000 0.03192833 -0.16668492 1.0000
0.64200000 0.03167270 -0.13637104 1.0000
0.64200000 0.03097688 -0.09090879 1.0000
0.64200000 0.02981187 -0.04545365 1.0000
0.64200000 0.02882322 -0.01515123 1.0000
0.64200000 0.02827497 0.00000000 1.0000
0.64200000 -0.03216577 -0.18185010 1.0000
0.64200000 -0.03208993 -0.16669084 1.0000
0.64200000 -0.03183511 -0.13637586 1.0000
0.64200000 -0.03114048 -0.09091199 1.0000
0.64200000 -0.02997659 -0.04545525 1.0000
0.64200000 -0.02898867 -0.01515176 1.0000
0.64200000 -0.02844077 0.00000000 1.0000
0.64200000 -0.09347807 -0.15962968 1.0000
0.64200000 -0.09357439 -0.14638308 1.0000
0.64200000 -0.09344743 -0.11985106 1.0000
0.64200000 -0.09229310 -0.07995848 1.0000
0.64200000 -0.08970277 -0.03998742 1.0000
0.64200000 -0.08733168 -0.01332896 1.0000
0.64200000 -0.08598281 0.00000000 1.0000
0.64200000 -0.13271458 -0.12630144 1.0000
0.64200000 -0.13371354 -0.11592362 1.0000
0.64200000 -0.13520487 -0.09506564 1.0000
0.64200000 -0.13592492 -0.06352940 1.0000
0.64200000 -0.13441539 -0.03178627 1.0000
0.64200000 -0.13242054 -0.01059494 1.0000
0.64200000 -0.13117399 0.00000000 1.0000
0.64200000 -0.15299560 -0.09663096 1.0000
0.64200000 -0.15529732 -0.08880707 1.0000
0.64200000 -0.15924639 -0.07300040 1.0000
0.64200000 -0.16322355 -0.04890340 1.0000
0.64200000 -0.16437633 -0.02448519 1.0000
0.64200000 -0.16390696 -0.00816098 1.0000
0.64200000 -0.16336214 0.00000000 1.0000
0.64200000 -0.16132671 -0.08000000 1.0000
0.64200000 -0.16449479 -0.07360764 1.0000
0.64200000 -0.17009559 -0.06063235 1.0000
0.64200000 -0.17631704 -0.04070520 1.0000
0.64200000 -0.17939667 -0.02039278 1.0000
0.64200000 -0.18008112 -0.00679669 1.0000
0.64200000 -0.18008155 0.00000000 1.0000
