30
0 0.00000000 0.00000000 0.04000000 0.08000000 0.12000000 0.16000000 0.20000000 0.24000000 0.28000000 0.32000000 0.36000000 0.40000000 0.44000000 0.48000000 0.52000000 0.56000000 0.60000000 0.64000000 0.68000000 0.72000000 0.76000000 0.80000000 0.84000000 0.88000000 0.92000000 0.96000000 1.00000000 1.00000000 1
25
0 0.00000000 0.00000000 0.05000000 0.10000000 0.15000000 0.20000000 0.25000000 0.30000000 0.35000000 0.40000000 0.45000000 0.50000000 0.55000000 0.60000000 0.65000000 0.70000000 0.75000000 0.80000000 0.85000000 0.90000000 0.95000000 1.00000000 1.00000000 1
594
-0.64200000 -0.18000000 0.00000000 1.0000
-0.64200000 -0.17944981 -0.01410546 1.0000
-0.64200000 -0.17511633 -0.04201921 1.0000
-0.64200000 -0.16623131 -0.06885671 1.0000
-0.64200000 -0.15343181 -0.09404815 1.0000
-0.64200000 -0.13687495 -0.11695370 1.0000
-0.64200000 -0.11694603 -0.13699407 1.0000
-0.64200000 -0.09410925 -0.15364675 1.0000
-0.64200000 -0.06893126 -0.16648761 1.0000
-0.64200000 -0.04204742 -0.17520817 1.0000
-0.64200000 -0.01413082 -0.17961540 1.0000
-0.64200000 0.01413134 -0.17961594 1.0000
-0.64200000 0.04204808 -0.17520954 1.0000
-0.64200000 0.06893202 -0.16648925 1.0000
-0.64200000 0.09410987 -0.15364807 1.0000
-0.64200000 0.11694620 -0.13699476 1.0000
-0.64200000 0.13687454 -0.11695383 1.0000
-0.64200000 0.15343098 -0.09404799 1.0000
-0.64200000 0.16623043 -0.06885654 1.0000
-0.64200000 0.17511574 -0.04201914 1.0000
-0.64200000 0.17944963 -0.01410546 1.0000
-0.64200000 0.18000000 -0.00000000 1.0000
-0.61632000 -0.18000000 0.00000000 1.0000
-0.61632000 -0.17944981 -0.01410546 1.0000
-0.61632000 -0.17511633 -0.04201921 1.0000
-0.61632000 -0.16623131 -0.06885671 1.0000
-0.61632000 -0.15343181 -0.09404815 1.0000
-0.61632000 -0.13687495 -0.11695370 1.0000
-0.61632000 -0.11694603 -0.13699407 1.0000
-0.61632000 -0.09410925 -0.15364675 1.0000
-0.61632000 -0.06893126 -0.16648761 1.0000
-0.61632000 -0.04204742 -0.17520817 1.0000
-0.61632000 -0.01413082 -0.17961540 1.0000
-0.61632000 0.01413134 -0.17961594 1.0000
-0.61632000 0.04204808 -0.17520954 1.0000
-0.61632000 0.06893202 -0.16648925 1.0000
-0.61632000 0.09410987 -0.15364807 1.0000
-0.61632000 0.11694620 -0.13699476 1.0000
-0.61632000 0.13687454 -0.11695383 1.0000
-0.61632000 0.15343098 -0.09404799 1.0000
-0.61632000 0.16623043 -0.06885654 1.0000
-0.61632000 0.17511574 -0.04201914 1.0000
-0.61632000 0.17944963 -0.01410546 1.0000
-0.61632000 0.18000000 -0.00000000 1.0000
-0.56496000 -0.18000000 0.00000000 1.0000
-0.56496000 -0.17944981 -0.01410546 1.0000
-0.56496000 -0.17511633 -0.04201921 1.0000
-0.56496000 -0.16623131 -0.06885671 1.0000
-0.56496000 -0.15343181 -0.09404815 1.0000
-0.56496000 -0.13687495 -0.11695370 1.0000
-0.56496000 -0.11694603 -0.13699407 1.0000
-0.56496000 -0.09410925 -0.15364675 1.0000
-0.56496000 -0.06893126 -0.16648761 1.0000
-0.56496000 -0.04204742 -0.17520817 1.0000
-0.56496000 -0.01413082 -0.17961540 1.0000
-0.56496000 0.01413134 -0.17961594 1.0000
-0.56496000 0.04204808 -0.17520954 1.0000
-0.56496000 0.06893202 -0.16648925 1.0000
-0.56496000 0.09410987 -0.15364807 1.0000
-0.56496000 0.11694620 -0.13699476 1.0000
-0.56496000 0.13687454 -0.11695383 1.0000
-0.56496000 0.15343098 -0.09404799 1.0000
-0.56496000 0.16623043 -0.06885654 1.0000
-0.56496000 0.17511574 -0.04201914 1.0000
-0.56496000 0.17944963 -0.01410546 1.0000
-0.56496000 0.18000000 -0.00000000 1.0000
-0.51360000 -0.18000000 0.00000000 1.0000
-0.51360000 -0.17944981 -0.01410546 1.0000
-0.51360000 -0.17511633 -0.04201921 1.0000
-0.51360000 -0.16623131 -0.06885671 1.0000
-0.51360000 -0.15343181 -0.09404815 1.0000
-0.51360000 -0.13687495 -0.11695370 1.0000
-0.51360000 -0.11694603 -0.13699407 1.0000
-0.51360000 -0.09410925 -0.15364675 1.0000
-0.51360000 -0.06893126 -0.16648761 1.0000
-0.51360000 -0.04204742 -0.17520817 1.0000
-0.51360000 -0.01413082 -0.17961540 1.0000
-0.51360000 0.01413134 -0.17961594 1.0000
-0.51360000 0.04204808 -0.17520954 1.0000
-0.51360000 0.06893202 -0.16648925 1.0000
-0.51360000 0.09410987 -0.15364807 1.0000
-0.51360000 0.11694620 -0.13699476 1.0000
-0.51360000 0.13687454 -0.11695383 1.0000
-0.51360000 0.15343098 -0.09404799 1.0000
-0.51360000 0.16623043 -0.06885654 1.0000
-0.51360000 0.17511574 -0.04201914 1.0000
-0.51360000 0.17944963 -0.01410546 1.0000
-0.51360000 0.18000000 -0.00000000 1.0000
-0.46224000 -0.18000000 0.00000000 1.0000
-0.46224000 -0.17944981 -0.01410546 1.0000
-0.46224000 -0.17511633 -0.04201921 1.0000
-0.46224000 -0.16623131 -0.06885671 1.0000
-0.46224000 -0.15343181 -0.09404815 1.0000
-0.46224000 -0.13687495 -0.11695370 1.0000
-0.46224000 -0.11694603 -0.13699407 1.0000
-0.46224000 -0.09410925 -0.15364675 1.0000
-0.46224000 -0.06893126 -0.16648761 1.0000
-0.46224000 -0.04204742 -0.17520817 1.0000
-0.46224000 -0.01413082 -0.17961540 1.0000
-0.46224000 0.01413134 -0.17961594 1.0000
-0.46224000 0.04204808 -0.17520954 1.0000
-0.46224000 0.06893202 -0.16648925 1.0000
-0.46224000 0.09410987 -0.15364807 1.0000
-0.46224000 0.11694620 -0.13699476 1.0000
-0.46224000 0.13687454 -0.11695383 1.0000
-0.46224000 0.15343098 -0.09404799 1.0000
-0.46224000 0.16623043 -0.06885654 1.0000
-0.46224000 0.17511574 -0.04201914 1.0000
-0.46224000 0.17944963 -0.01410546 1.0000
-0.46224000 0.18000000 -0.00000000 1.0000
-0.41088000 -0.18000000 0.00000000 1.0000
-0.41088000 -0.17944981 -0.01410546 1.0000
-0.41088000 -0.17511633 -0.04201921 1.0000
-0.41088000 -0.16623131 -0.06885671 1.0000
-0.41088000 -0.15343181 -0.09404815 1.0000
-0.41088000 -0.13687495 -0.11695370 1.0000
-0.41088000 -0.11694603 -0.13699407 1.0000
-0.41088000 -0.09410925 -0.15364675 1.0000
-0.41088000 -0.06893126 -0.16648761 1.0000
-0.41088000 -0.04204742 -0.17520817 1.0000
-0.41088000 -0.01413082 -0.17961540 1.0000
-0.41088000 0.01413134 -0.17961594 1.0000
-0.41088000 0.04204808 -0.17520954 1.0000
-0.41088000 0.06893202 -0.16648925 1.0000
-0.41088000 0.09410987 -0.15364807 1.0000
-0.41088000 0.11694620 -0.13699476 1.0000
-0.41088000 0.13687454 -0.11695383 1.0000
-0.41088000 0.15343098 -0.09404799 1.0000
-0.41088000 0.16623043 -0.06885654 1.0000
-0.41088000 0.17511574 -0.04201914 1.0000
-0.41088000 0.17944963 -0.01410546 1.0000
-0.41088000 0.18000000 -0.00000000 1.0000
-0.35952000 -0.18000000 0.00000000 1.0000
-0.35952000 -0.17944981 -0.01410546 1.0000
-0.35952000 -0.17511633 -0.04201921 1.0000
-0.35952000 -0.16623131 -0.06885671 1.0000
-0.35952000 -0.15343181 -0.09404815 1.0000
-0.35952000 -0.13687495 -0.11695370 1.0000
-0.35952000 -0.11694603 -0.13699407 1.0000
-0.35952000 -0.09410925 -0.15364675 1.0000
-0.35952000 -0.06893126 -0.16648761 1.0000
-0.35952000 -0.04204742 -0.17520817 1.0000
-0.35952000 -0.01413082 -0.17961540 1.0000
-0.35952000 0.01413134 -0.17961594 1.0000
-0.35952000 0.04204808 -0.17520954 1.0000
-0.35952000 0.06893202 -0.16648925 1.0000
-0.35952000 0.09410987 -0.15364807 1.0000
-0.35952000 0.11694620 -0.13699476 1.0000
-0.35952000 0.13687454 -0.11695383 1.0000
-0.35952000 0.15343098 -0.09404799 1.0000
-0.35952000 0.16623043 -0.06885654 1.0000
-0.35952000 0.17511574 -0.04201914 1.0000
-0.35952000 0.17944963 -0.01410546 1.0000
-0.35952000 0.18000000 -0.00000000 1.0000
-0.30816000 -0.18000000 0.00000000 1.0000
-0.30816000 -0.17944981 -0.01410546 1.0000
-0.30816000 -0.17511633 -0.04201921 1.0000
-0.30816000 -0.16623131 -0.06885671 1.0000
-0.30816000 -0.15343181 -0.09404815 1.0000
-0.30816000 -0.13687495 -0.11695370 1.0000
-0.30816000 -0.11694603 -0.13699407 1.0000
-0.30816000 -0.09410925 -0.15364675 1.0000
-0.30816000 -0.06893126 -0.16648761 1.0000
-0.30816000 -0.04204742 -0.17520817 1.0000
-0.30816000 -0.01413082 -0.17961540 1.0000
-0.30816000 0.01413134 -0.17961594 1.0000
-0.30816000 0.04204808 -0.17520954 1.0000
-0.30816000 0.06893202 -0.16648925 1.0000
-0.30816000 0.09410987 -0.15364807 1.0000
-0.30816000 0.11694620 -0.13699476 1.0000
-0.30816000 0.13687454 -0.11695383 1.0000
-0.30816000 0.15343098 -0.09404799 1.0000
-0.30816000 0.16623043 -0.06885654 1.0000
-0.30816000 0.17511574 -0.04201914 1.0000
-0.30816000 0.17944963 -0.01410546 1.0000
-0.30816000 0.18000000 -0.00000000 1.0000
-0.25680000 -0.18000000 0.00000000 1.0000
-0.25680000 -0.17944981 -0.01410546 1.0000
-0.25680000 -0.17511633 -0.04201921 1.0000
-0.25680000 -0.16623131 -0.06885671 1.0000
-0.25680000 -0.15343181 -0.09404815 1.0000
-0.25680000 -0.13687495 -0.11695370 1.0000
-0.25680000 -0.11694603 -0.13699407 1.0000
-0.25680000 -0.09410925 -0.15364675 1.0000
-0.25680000 -0.06893126 -0.16648761 1.0000
-0.25680000 -0.04204742 -0.17520817 1.0000
-0.25680000 -0.01413082 -0.17961540 1.0000
-0.25680000 0.01413134 -0.17961594 1.0000
-0.25680000 0.04204808 -0.17520954 1.0000
-0.25680000 0.06893202 -0.16648925 1.0000
-0.25680000 0.09410987 -0.15364807 1.0000
-0.25680000 0.11694620 -0.13699476 1.0000
-0.25680000 0.13687454 -0.11695383 1.0000
-0.25680000 0.15343098 -0.09404799 1.0000
-0.25680000 0.16623043 -0.06885654 1.0000
-0.25680000 0.17511574 -0.04201914 1.0000
-0.25680000 0.17944963 -0.01410546 1.0000
-0.25680000 0.18000000 -0.00000000 1.0000
-0.20544000 -0.18000000 0.00000000 1.0000
-0.20544000 -0.17944981 -0.01410546 1.0000
-0.20544000 -0.17511633 -0.04201921 1.0000
-0.20544000 -0.16623131 -0.06885671 1.0000
-0.20544000 -0.15343181 -0.09404815 1.0000
-0.20544000 -0.13687495 -0.11695370 1.0000
-0.20544000 -0.11694603 -0.13699407 1.0000
-0.20544000 -0.09410925 -0.15364675 1.0000
-0.20544000 -0.06893126 -0.16648761 1.0000
-0.20544000 -0.04204742 -0.17520817 1.0000
-0.20544000 -0.01413082 -0.17961540 1.0000
-0.20544000 0.01413134 -0.17961594 1.0000
-0.20544000 0.04204808 -0.17520954 1.0000
-0.20544000 0.06893202 -0.16648925 1.0000
-0.20544000 0.09410987 -0.15364807 1.0000
-0.20544000 0.11694620 -0.13699476 1.0000
-0.20544000 0.13687454 -0.11695383 1.0000
-0.20544000 0.15343098 -0.09404799 1.0000
-0.20544000 0.16623043 -0.06885654 1.0000
-0.20544000 0.17511574 -0.04201914 1.0000
-0.20544000 0.17944963 -0.01410546 1.0000
-0.20544000 0.18000000 -0.00000000 1.0000
-0.15408000 -0.18000000 0.00000000 1.0000
-0.15408000 -0.17944981 -0.01410546 1.0000
-0.15408000 -0.17511633 -0.04201921 1.0000
-0.15408000 -0.16623131 -0.06885671 1.0000
-0.15408000 -0.15343181 -0.09404815 1.0000
-0.15408000 -0.13687495 -0.11695370 1.0000
-0.15408000 -0.11694603 -0.13699407 1.0000
-0.15408000 -0.09410925 -0.15364675 1.0000
-0.15408000 -0.06893126 -0.16648761 1.0000
-0.15408000 -0.04204742 -0.17520817 1.0000
-0.15408000 -0.01413082 -0.17961540 1.0000
-0.15408000 0.01413134 -0.17961594 1.0000
-0.15408000 0.04204808 -0.17520954 1.0000
-0.15408000 0.06893202 -0.16648925 1.0000
-0.15408000 0.09410987 -0.15364807 1.0000
-0.15408000 0.11694620 -0.13699476 1.0000
-0.15408000 0.13687454 -0.11695383 1.0000
-0.15408000 0.15343098 -0.09404799 1.0000
-0.15408000 0.16623043 -0.06885654 1.0000
-0.15408000 0.17511574 -0.04201914 1.0000
-0.15408000 0.17944963 -0.01410546 1.0000
-0.15408000 0.18000000 -0.00000000 1.0000
-0.10272000 -0.18000000 0.00000000 1.0000
-0.10272000 -0.17944981 -0.01410546 1.0000
-0.10272000 -0.17511633 -0.04201921 1.0000
-0.10272000 -0.16623131 -0.06885671 1.0000
-0.10272000 -0.15343181 -0.09404815 1.0000
-0.10272000 -0.13687495 -0.11695370 1.0000
-0.10272000 -0.11694603 -0.13699407 1.0000
-0.10272000 -0.09410925 -0.15364675 1.0000
-0.10272000 -0.06893126 -0.16648761 1.0000
-0.10272000 -0.04204742 -0.17520817 1.0000
-0.10272000 -0.01413082 -0.17961540 1.0000
-0.10272000 0.01413134 -0.17961594 1.0000
-0.10272000 0.04204808 -0.17520954 1.0000
-0.10272000 0.06893202 -0.16648925 1.0000
-0.10272000 0.09410987 -0.15364807 1.0000
-0.10272000 0.11694620 -0.13699476 1.0000
-0.10272000 0.13687454 -0.11695383 1.0000
-0.10272000 0.15343098 -0.09404799 1.0000
-0.10272000 0.16623043 -0.06885654 1.0000
-0.10272000 0.17511574 -0.04201914 1.0000
-0.10272000 0.17944963 -0.01410546 1.0000
-0.10272000 0.18000000 -0.00000000 1.0000
-0.05136000 -0.18000000 0.00000000 1.0000
-0.05136000 -0.17944981 -0.01410546 1.0000
-0.05136000 -0.17511633 -0.04201921 1.0000
-0.05136000 -0.16623131 -0.06885671 1.0000
-0.05136000 -0.15343181 -0.09404815 1.0000
-0.05136000 -0.13687495 -0.11695370 1.0000
-0.05136000 -0.11694603 -0.13699407 1.0000
-0.05136000 -0.09410925 -0.15364675 1.0000
-0.05136000 -0.06893126 -0.16648761 1.0000
-0.05136000 -0.04204742 -0.17520817 1.0000
-0.05136000 -0.01413082 -0.17961540 1.0000
-0.05136000 0.01413134 -0.17961594 1.0000
-0.05136000 0.04204808 -0.17520954 1.0000
-0.05136000 0.06893202 -0.16648925 1.0000
-0.05136000 0.09410987 -0.15364807 1.0000
-0.05136000 0.11694620 -0.13699476 1.0000
-0.05136000 0.13687454 -0.11695383 1.0000
-0.05136000 0.15343098 -0.09404799 1.0000
-0.05136000 0.16623043 -0.06885654 1.0000
-0.05136000 0.17511574 -0.04201914 1.0000
-0.05136000 0.17944963 -0.01410546 1.0000
-0.05136000 0.18000000 -0.00000000 1.0000
-0.00000000 -0.18000000 0.00000000 1.0000
-0.00000000 -0.17944981 -0.01410546 1.0000
-0.00000000 -0.17511633 -0.04201921 1.0000
-0.00000000 -0.16623131 -0.06885671 1.0000
-0.00000000 -0.15343181 -0.09404815 1.0000
-0.00000000 -0.13687495 -0.11695370 1.0000
-0.00000000 -0.11694603 -0.13699407 1.0000
-0.00000000 -0.09410925 -0.15364675 1.0000
-0.00000000 -0.06893126 -0.16648761 1.0000
-0.00000000 -0.04204742 -0.17520817 1.0000
-0.00000000 -0.01413082 -0.17961540 1.0000
-0.00000000 0.01413134 -0.17961594 1.0000
-0.00000000 0.04204808 -0.17520954 1.0000
-0.00000000 0.06893202 -0.16648925 1.0000
-0.00000000 0.09410987 -0.15364807 1.0000
-0.00000000 0.11694620 -0.13699476 1.0000
-0.00000000 0.13687454 -0.11695383 1.0000
-0.00000000 0.15343098 -0.09404799 1.0000
-0.00000000 0.16623043 -0.06885654 1.0000
-0.00000000 0.17511574 -0.04201914 1.0000
-0.00000000 0.17944963 -0.01410546 1.0000
-0.00000000 0.18000000 -0.00000000 1.0000
0.05136000 -0.18000000 0.00000000 1.0000
0.05136000 -0.17944981 -0.01410546 1.0000
0.05136000 -0.17511633 -0.04201921 1.0000
0.05136000 -0.16623131 -0.06885671 1.0000
0.05136000 -0.15343181 -0.09404815 1.0000
0.05136000 -0.13687495 -0.11695370 1.0000
0.05136000 -0.11694603 -0.13699407 1.0000
0.05136000 -0.09410925 -0.15364675 1.0000
0.05136000 -0.06893126 -0.16648761 1.0000
0.05136000 -0.04204742 -0.17520817 1.0000
0.05136000 -0.01413082 -0.17961540 1.0000
0.05136000 0.01413134 -0.17961594 1.0000
0.05136000 0.04204808 -0.17520954 1.0000
0.05136000 0.06893202 -0.16648925 1.0000
0.05136000 0.09410987 -0.15364807 1.0000
0.05136000 0.11694620 -0.13699476 1.0000
0.05136000 0.13687454 -0.11695383 1.0000
0.05136000 0.15343098 -0.09404799 1.0000
0.05136000 0.16623043 -0.06885654 1.0000
0.05136000 0.17511574 -0.04201914 1.0000
0.05136000 0.17944963 -0.01410546 1.0000
0.05136000 0.18000000 -0.00000000 1.0000
0.10272000 -0.18000000 0.00000000 1.0000
0.10272000 -0.17944981 -0.01410546 1.0000
0.10272000 -0.17511633 -0.04201921 1.0000
0.10272000 -0.16623131 -0.06885671 1.0000
0.10272000 -0.15343181 -0.09404815 1.0000
0.10272000 -0.13687495 -0.11695370 1.0000
0.10272000 -0.11694603 -0.13699407 1.0000
0.10272000 -0.09410925 -0.15364675 1.0000
0.10272000 -0.06893126 -0.16648761 1.0000
0.10272000 -0.04204742 -0.17520817 1.0000
0.10272000 -0.01413082 -0.17961540 1.0000
0.10272000 0.01413134 -0.17961594 1.0000
0.10272000 0.04204808 -0.17520954 1.0000
0.10272000 0.06893202 -0.16648925 1.0000
0.10272000 0.09410987 -0.15364807 1.0000
0.10272000 0.11694620 -0.13699476 1.0000
0.10272000 0.13687454 -0.11695383 1.0000
0.10272000 0.15343098 -0.09404799 1.0000
0.10272000 0.16623043 -0.06885654 1.0000
0.10272000 0.17511574 -0.04201914 1.0000
0.10272000 0.17944963 -0.01410546 1.0000
0.10272000 0.18000000 -0.00000000 1.0000
0.15408000 -0.18000000 0.00000000 1.0000
0.15408000 -0.17944981 -0.01410546 1.0000
0.15408000 -0.17511633 -0.04201921 1.0000
0.15408000 -0.16623131 -0.06885671 1.0000
0.15408000 -0.15343181 -0.09404815 1.0000
0.15408000 -0.13687495 -0.11695370 1.0000
0.15408000 -0.11694603 -0.13699407 1.0000
0.15408000 -0.09410925 -0.15364675 1.0000
0.15408000 -0.06893126 -0.16648761 1.0000
0.15408000 -0.04204742 -0.17520817 1.0000
0.15408000 -0.01413082 -0.17961540 1.0000
0.15408000 0.01413134 -0.17961594 1.0000
0.15408000 0.04204808 -0.17520954 1.0000
0.15408000 0.06893202 -0.16648925 1.0000
0.15408000 0.09410987 -0.15364807 1.0000
0.15408000 0.11694620 -0.13699476 1.0000
0.15408000 0.13687454 -0.11695383 1.0000
0.15408000 0.15343098 -0.09404799 1.0000
0.15408000 0.16623043 -0.06885654 1.0000
0.15408000 0.17511574 -0.04201914 1.0000
0.15408000 0.17944963 -0.01410546 1.0000
0.15408000 0.18000000 -0.00000000 1.0000
0.20544000 -0.18000000 0.00000000 1.0000
0.20544000 -0.17944981 -0.01410546 1.0000
0.20544000 -0.17511633 -0.04201921 1.0000
0.20544000 -0.16623131 -0.06885671 1.0000
0.20544000 -0.15343181 -0.09404815 1.0000
0.20544000 -0.13687495 -0.11695370 1.0000
0.20544000 -0.11694603 -0.13699407 1.0000
0.20544000 -0.09410925 -0.15364675 1.0000
0.20544000 -0.06893126 -0.16648761 1.0000
0.20544000 -0.04204742 -0.17520817 1.0000
0.20544000 -0.01413082 -0.17961540 1.0000
0.20544000 0.01413134 -0.17961594 1.0000
0.20544000 0.04204808 -0.17520954 1.0000
0.20544000 0.06893202 -0.16648925 1.0000
0.20544000 0.09410987 -0.15364807 1.0000
0.20544000 0.11694620 -0.13699476 1.0000
0.20544000 0.13687454 -0.11695383 1.0000
0.20544000 0.15343098 -0.09404799 1.0000
0.20544000 0.16623043 -0.06885654 1.0000
0.20544000 0.17511574 -0.04201914 1.0000
0.20544000 0.17944963 -0.01410546 1.0000
0.20544000 0.18000000 -0.00000000 1.0000
0.25680000 -0.18000000 0.00000000 1.0000
0.25680000 -0.17944981 -0.01410546 1.0000
0.25680000 -0.17511633 -0.04201921 1.0000
0.25680000 -0.16623131 -0.06885671 1.0000
0.25680000 -0.15343181 -0.09404815 1.0000
0.25680000 -0.13687495 -0.11695370 1.0000
0.25680000 -0.11694603 -0.13699407 1.0000
0.25680000 -0.09410925 -0.15364675 1.0000
0.25680000 -0.06893126 -0.16648761 1.0000
0.25680000 -0.04204742 -0.17520817 1.0000
0.25680000 -0.01413082 -0.17961540 1.0000
0.25680000 0.01413134 -0.17961594 1.0000
0.25680000 0.04204808 -0.17520954 1.0000
0.25680000 0.06893202 -0.16648925 1.0000
0.25680000 0.09410987 -0.15364807 1.0000
0.25680000 0.11694620 -0.13699476 1.0000
0.25680000 0.13687454 -0.11695383 1.0000
0.25680000 0.15343098 -0.09404799 1.0000
0.25680000 0.16623043 -0.06885654 1.0000
0.25680000 0.17511574 -0.04201914 1.0000
0.25680000 0.17944963 -0.01410546 1.0000
0.25680000 0.18000000 -0.00000000 1.0000
0.30816000 -0.18000000 0.00000000 1.0000
0.30816000 -0.17944981 -0.01410546 1.0000
0.30816000 -0.17511633 -0.04201921 1.0000
0.30816000 -0.16623131 -0.06885671 1.0000
0.30816000 -0.15343181 -0.09404815 1.0000
0.30816000 -0.13687495 -0.11695370 1.0000
0.30816000 -0.11694603 -0.13699407 1.0000
0.30816000 -0.09410925 -0.15364675 1.0000
0.30816000 -0.06893126 -0.16648761 1.0000
0.30816000 -0.04204742 -0.17520817 1.0000
0.30816000 -0.01413082 -0.17961540 1.0000
0.30816000 0.01413134 -0.17961594 1.0000
0.30816000 0.04204808 -0.17520954 1.0000
0.30816000 0.06893202 -0.16648925 1.0000
0.30816000 0.09410987 -0.15364807 1.0000
0.30816000 0.11694620 -0.13699476 1.0000
0.30816000 0.13687454 -0.11695383 1.0000
0.30816000 0.15343098 -0.09404799 1.0000
0.30816000 0.16623043 -0.06885654 1.0000
0.30816000 0.17511574 -0.04201914 1.0000
0.30816000 0.17944963 -0.01410546 1.0000
0.30816000 0.18000000 -0.00000000 1.0000
0.35952000 -0.18000000 0.00000000 1.0000
0.35952000 -0.17944981 -0.01410546 1.0000
0.35952000 -0.17511633 -0.04201921 1.0000
0.35952000 -0.16623131 -0.06885671 1.0000
0.35952000 -0.15343181 -0.09404815 1.0000
0.35952000 -0.13687495 -0.11695370 1.0000
0.35952000 -0.11694603 -0.13699407 1.0000
0.35952000 -0.09410925 -0.15364675 1.0000
0.35952000 -0.06893126 -0.16648761 1.0000
0.35952000 -0.04204742 -0.17520817 1.0000
0.35952000 -0.01413082 -0.17961540 1.0000
0.35952000 0.01413134 -0.17961594 1.0000
0.35952000 0.04204808 -0.17520954 1.0000
0.35952000 0.06893202 -0.16648925 1.0000
0.35952000 0.09410987 -0.15364807 1.0000
0.35952000 0.11694620 -0.13699476 1.0000
0.35952000 0.13687454 -0.11695383 1.0000
0.35952000 0.15343098 -0.09404799 1.0000
0.35952000 0.16623043 -0.06885654 1.0000
0.35952000 0.17511574 -0.04201914 1.0000
0.35952000 0.17944963 -0.01410546 1.0000
0.35952000 0.18000000 -0.00000000 1.0000
0.41088000 -0.18000000 0.00000000 1.0000
0.41088000 -0.17944981 -0.01410546 1.0000
0.41088000 -0.17511633 -0.04201921 1.0000
0.41088000 -0.16623131 -0.06885671 1.0000
0.41088000 -0.15343181 -0.09404815 1.0000
0.41088000 -0.13687495 -0.11695370 1.0000
0.41088000 -0.11694603 -0.13699407 1.0000
0.41088000 -0.09410925 -0.15364675 1.0000
0.41088000 -0.06893126 -0.16648761 1.0000
0.41088000 -0.04204742 -0.17520817 1.0000
0.41088000 -0.01413082 -0.17961540 1.0000
0.41088000 0.01413134 -0.17961594 1.0000
0.41088000 0.04204808 -0.17520954 1.0000
0.41088000 0.06893202 -0.16648925 1.0000
0.41088000 0.09410987 -0.15364807 1.0000
0.41088000 0.11694620 -0.13699476 1.0000
0.41088000 0.13687454 -0.11695383 1.0000
0.41088000 0.15343098 -0.09404799 1.0000
0.41088000 0.16623043 -0.06885654 1.0000
0.41088000 0.17511574 -0.04201914 1.0000
0.41088000 0.17944963 -0.01410546 1.0000
0.41088000 0.18000000 -0.00000000 1.0000
0.46224000 -0.18000000 0.00000000 1.0000
0.46224000 -0.17944981 -0.01410546 1.0000
0.46224000 -0.17511633 -0.04201921 1.0000
0.46224000 -0.16623131 -0.06885671 1.0000
0.46224000 -0.15343181 -0.09404815 1.0000
0.46224000 -0.13687495 -0.11695370 1.0000
0.46224000 -0.11694603 -0.13699407 1.0000
0.46224000 -0.09410925 -0.15364675 1.0000
0.46224000 -0.06893126 -0.16648761 1.0000
0.46224000 -0.04204742 -0.17520817 1.0000
0.46224000 -0.01413082 -0.17961540 1.0000
0.46224000 0.01413134 -0.17961594 1.0000
0.46224000 0.04204808 -0.17520954 1.0000
0.46224000 0.06893202 -0.16648925 1.0000
0.46224000 0.09410987 -0.15364807 1.0000
0.46224000 0.11694620 -0.13699476 1.0000
0.46224000 0.13687454 -0.11695383 1.0000
0.46224000 0.15343098 -0.09404799 1.0000
0.46224000 0.16623043 -0.06885654 1.0000
0.46224000 0.17511574 -0.04201914 1.0000
0.46224000 0.17944963 -0.01410546 1.0000
0.46224000 0.18000000 -0.00000000 1.0000
0.51360000 -0.18000000 0.00000000 1.0000
0.51360000 -0.17944981 -0.01410546 1.0000
0.51360000 -0.17511633 -0.04201921 1.0000
0.51360000 -0.16623131 -0.06885671 1.0000
0.51360000 -0.15343181 -0.09404815 1.0000
0.51360000 -0.13687495 -0.11695370 1.0000
0.51360000 -0.11694603 -0.13699407 1.0000
0.51360000 -0.09410925 -0.15364675 1.0000
0.51360000 -0.06893126 -0.16648761 1.0000
0.51360000 -0.04204742 -0.17520817 1.0000
0.51360000 -0.01413082 -0.17961540 1.0000
0.51360000 0.01413134 -0.17961594 1.0000
0.51360000 0.04204808 -0.17520954 1.0000
0.51360000 0.06893202 -0.16648925 1.0000
0.51360000 0.09410987 -0.15364807 1.0000
0.51360000 0.11694620 -0.13699476 1.0000
0.51360000 0.13687454 -0.11695383 1.0000
0.51360000 0.15343098 -0.09404799 1.0000
0.51360000 0.16623043 -0.06885654 1.0000
0.51360000 0.17511574 -0.04201914 1.0000
0.51360000 0.17944963 -0.01410546 1.0000
0.51360000 0.18000000 -0.00000000 1.0000
0.56496000 -0.18000000 0.00000000 1.0000
0.56496000 -0.17944981 -0.01410546 1.0000
0.56496000 -0.17511633 -0.04201921 1.0000
0.56496000 -0.16623131 -0.06885671 1.0000
0.56496000 -0.15343181 -0.09404815 1.0000
0.56496000 -0.13687495 -0.11695370 1.0000
0.56496000 -0.11694603 -0.13699407 1.0000
0.56496000 -0.09410925 -0.15364675 1.0000
0.56496000 -0.06893126 -0.16648761 1.0000
0.56496000 -0.04204742 -0.17520817 1.0000
0.56496000 -0.01413082 -0.17961540 1.0000
0.56496000 0.01413134 -0.17961594 1.0000
0.56496000 0.04204808 -0.17520954 1.0000
0.56496000 0.06893202 -0.16648925 1.0000
0.56496000 0.09410987 -0.15364807 1.0000
0.56496000 0.11694620 -0.13699476 1.0000
0.56496000 0.13687454 -0.11695383 1.0000
0.56496000 0.15343098 -0.09404799 1.0000
0.56496000 0.16623043 -0.06885654 1.0000
0.56496000 0.17511574 -0.04201914 1.0000
0.56496000 0.17944963 -0.01410546 1.0000
0.56496000 0.18000000 -0.00000000 1.0000
0.61632000 -0.18000000 0.00000000 1.0000
0.61632000 -0.17944981 -0.01410546 1.0000
0.61632000 -0.17511633 -0.04201921 1.0000
0.61632000 -0.16623131 -0.06885671 1.0000
0.61632000 -0.15343181 -0.09404815 1.0000
0.61632000 -0.13687495 -0.11695370 1.0000
0.61632000 -0.11694603 -0.13699407 1.0000
0.61632000 -0.09410925 -0.15364675 1.0000
0.61632000 -0.06893126 -0.16648761 1.0000
0.61632000 -0.04204742 -0.17520817 1.0000
0.61632000 -0.01413082 -0.17961540 1.0000
0.61632000 0.01413134 -0.17961594 1.0000
0.61632000 0.04204808 -0.17520954 1.0000
0.61632000 0.06893202 -0.16648925 1.0000
0.61632000 0.09410987 -0.15364807 1.0000
0.61632000 0.11694620 -0.13699476 1.0000
0.61632000 0.13687454 -0.11695383 1.0000
0.61632000 0.15343098 -0.09404799 1.0000
0.61632000 0.16623043 -0.06885654 1.0000
0.61632000 0.17511574 -0.04201914 1.0000
0.61632000 0.17944963 -0.01410546 1.0000
0.61632000 0.18000000 -0.00000000 1.0000
0.64200000 -0.18000000 0.00000000 1.0000
0.64200000 -0.17944981 -0.01410546 1.0000
0.64200000 -0.17511633 -0.04201921 1.0000
0.64200000 -0.16623131 -0.06885671 1.0000
0.64200000 -0.15343181 -0.09404815 1.0000
0.64200000 -0.13687495 -0.11695370 1.0000
0.64200000 -0.11694603 -0.13699407 1.0000
0.64200000 -0.09410925 -0.15364675 1.0000
0.64200000 -0.06893126 -0.16648761 1.0000
0.64200000 -0.04204742 -0.17520817 1.0000
0.64200000 -0.01413082 -0.17961540 1.0000
0.64200000 0.01413134 -0.17961594 1.0000
0.64200000 0.04204808 -0.17520954 1.0000
0.64200000 0.06893202 -0.16648925 1.0000
0.64200000 0.09410987 -0.15364807 1.0000
0.64200000 0.11694620 -0.13699476 1.0000
0.64200000 0.13687454 -0.11695383 1.0000
0.64200000 0.15343098 -0.09404799 1.0000
0.64200000 0.16623043 -0.06885654 1.0000
0.64200000 0.17511574 -0.04201914 1.0000
0.64200000 0.17944963 -0.01410546 1.0000
0.64200000 0.18000000 -0.00000000 1.0000
