12
0 0.00000000 0.00000000 0.00000000 0.00000000 0.33333333 0.66666667 1.00000000 1.00000000 1.00000000 1.00000000 1
21
0 0.00000000 0.00000000 0.00000000 0.00000000 0.08333333 0.16666667 0.25000000 0.33333333 0.41666667 0.50000000 0.58333333 0.66666667 0.75000000 0.83333333 0.91666667 1.00000000 1.00000000 1.00000000 1.00000000 1
112
1.50000000 0.00000000 -0.30000000 1.0000
1.43796543 0.00000000 -0.30000000 1.0000
1.31439963 0.00000000 -0.30000000 1.0000
1.12769316 0.00000000 -0.30000000 1.0000
0.87828790 0.00000000 -0.30000000 1.0000
0.62780165 0.00000000 -0.30000000 1.0000
0.37693024 0.00000000 -0.30000000 1.0000
0.12568667 0.00000000 -0.30000000 1.0000
-0.12568568 0.00000000 -0.30000000 1.0000
-0.37693320 0.00000000 -0.30000000 1.0000
-0.62780144 0.00000000 -0.30000000 1.0000
-0.87828713 0.00000000 -0.30000000 1.0000
-1.12768941 0.00000000 -0.30000000 1.0000
-1.31440589 0.00000000 -0.30000000 1.0000
-1.43795331 0.00000000 -0.30000000 1.0000
-1.50000000 0.00000000 -0.30000000 1.0000
1.50000000 0.00000000 -0.28097395 1.0000
1.43796418 0.00210405 -0.28098505 1.0000
1.31440535 0.00605098 -0.28100863 1.0000
1.12768342 0.01127341 -0.28111602 1.0000
0.87829080 0.01675873 -0.28123371 1.0000
0.62780310 0.02089261 -0.28128669 1.0000
0.37692990 0.02364311 -0.28132043 1.0000
0.12568687 0.02502250 -0.28133295 1.0000
-0.12568588 0.02502252 -0.28133295 1.0000
-0.37693285 0.02364309 -0.28132043 1.0000
-0.62780290 0.02089261 -0.28128669 1.0000
-0.87829003 0.01675873 -0.28123371 1.0000
-1.12767968 0.01127355 -0.28111602 1.0000
-1.31441159 0.00605076 -0.28100862 1.0000
-1.43795210 0.00210447 -0.28098505 1.0000
-1.50000000 0.00000000 -0.28097395 1.0000
1.50000000 0.00000000 -0.24181516 1.0000
1.43800132 0.00605301 -0.24181393 1.0000
1.31437181 0.01745302 -0.24181366 1.0000
1.12771434 0.03267963 -0.24182339 1.0000
0.87829173 0.04897407 -0.24184771 1.0000
0.62777054 0.06125451 -0.24188133 1.0000
0.37694945 0.06945213 -0.24190387 1.0000
0.12567951 0.07356007 -0.24191656 1.0000
-0.12567870 0.07356011 -0.24191656 1.0000
-0.37695188 0.06945205 -0.24190387 1.0000
-0.62777038 0.06125451 -0.24188133 1.0000
-0.87829109 0.04897407 -0.24184771 1.0000
-1.12771128 0.03267999 -0.24182339 1.0000
-1.31437692 0.01745243 -0.24181366 1.0000
-1.43799142 0.00605413 -0.24181393 1.0000
-1.50000000 0.00000000 -0.24181516 1.0000
1.50000000 0.00000000 -0.17597366 1.0000
1.43814834 0.01157262 -0.17597754 1.0000
1.31426293 0.03343192 -0.17598684 1.0000
1.12781019 0.06252524 -0.17601121 1.0000
0.87822158 0.09363883 -0.17605126 1.0000
0.62790922 0.11708513 -0.17604154 1.0000
0.37693459 0.13275274 -0.17603454 1.0000
0.12569483 0.14060209 -0.17602552 1.0000
-0.12569477 0.14060211 -0.17602552 1.0000
-0.37693476 0.13275268 -0.17603454 1.0000
-0.62790923 0.11708514 -0.17604154 1.0000
-0.87822151 0.09363882 -0.17605126 1.0000
-1.12781005 0.06252552 -0.17601121 1.0000
-1.31426320 0.03343145 -0.17598684 1.0000
-1.43814779 0.01157348 -0.17597754 1.0000
-1.50000000 0.00000000 -0.17597366 1.0000
1.50000000 0.00000000 -0.09332941 1.0000
1.43832618 0.01546253 -0.09332912 1.0000
1.31412933 0.04487939 -0.09333108 1.0000
1.12791735 0.08385737 -0.09334975 1.0000
0.87819276 0.12575365 -0.09338562 1.0000
0.62790854 0.15726036 -0.09343968 1.0000
0.37697964 0.17834225 -0.09348103 1.0000
0.12568427 0.18889795 -0.09350518 1.0000
-0.12568518 0.18889784 -0.09350518 1.0000
-0.37697692 0.17834243 -0.09348103 1.0000
-0.62790869 0.15726038 -0.09343968 1.0000
-0.87819352 0.12575362 -0.09338562 1.0000
-1.12792065 0.08385665 -0.09334975 1.0000
-1.31412374 0.04488060 -0.09333108 1.0000
-1.43833705 0.01546010 -0.09332912 1.0000
-1.50000000 0.00000000 -0.09332941 1.0000
1.50000000 0.00000000 -0.03112885 1.0000
1.43837348 0.01644591 -0.03112913 1.0000
1.31409363 0.04777997 -0.03112955 1.0000
1.12794887 0.08924355 -0.03113008 1.0000
0.87817196 0.13382382 -0.03112983 1.0000
0.62794747 0.16734157 -0.03112529 1.0000
0.37697818 0.18977945 -0.03112164 1.0000
0.12568796 0.20101437 -0.03111924 1.0000
-0.12568914 0.20101422 -0.03111924 1.0000
-0.37697467 0.18977971 -0.03112164 1.0000
-0.62794764 0.16734159 -0.03112529 1.0000
-0.87817296 0.13382377 -0.03112983 1.0000
-1.12795307 0.08924252 -0.03113008 1.0000
-1.31408647 0.04778172 -0.03112955 1.0000
-1.43838742 0.01644244 -0.03112913 1.0000
-1.50000000 0.00000000 -0.03112885 1.0000
1.50000000 0.00000000 0.00000000 1.0000
1.43837305 0.01643821 0.00000000 1.0000
1.31409398 0.04775742 0.00000000 1.0000
1.12794826 0.08920347 0.00000000 1.0000
0.87817344 0.13376879 0.00000000 1.0000
0.62794331 0.16727508 0.00000000 1.0000
0.37697952 0.18970500 0.00000000 1.0000
0.12568729 0.20093581 0.00000000 1.0000
-0.12568847 0.20093566 0.00000000 1.0000
-0.37697602 0.18970526 0.00000000 1.0000
-0.62794349 0.16727510 0.00000000 1.0000
-0.87817444 0.13376874 0.00000000 1.0000
-1.12795245 0.08920244 0.00000000 1.0000
-1.31408685 0.04775917 0.00000000 1.0000
-1.43838696 0.01643475 0.00000000 1.0000
-1.50000000 0.00000000 0.00000000 1.0000
