16
0 0.00000000 0.00000000 0.00000000 0.00000000 0.00000000 0.00000000 0.33333333 0.66666667 1.00000000 1.00000000 1.00000000 1.00000000 1.00000000 1.00000000 1
27
0 0.00000000 0.00000000 0.00000000 0.00000000 0.00000000 0.00000000 0.00000000 0.08333333 0.16666667 0.25000000 0.33333333 0.41666667 0.50000000 0.58333333 0.66666667 0.75000000 0.83333333 0.91666667 1.00000000 1.00000000 1.00000000 1.00000000 1.00000000 1.00000000 1.00000000 1
171
-1.50000000 0.00000000 0.00000000 1.0000
-1.46483090 -0.00938223 0.00000000 1.0000
-1.39393276 -0.02776572 0.00000000 1.0000
-1.28758671 -0.05378588 0.00000000 1.0000
-1.14584629 -0.08534803 0.00000000 1.0000
-0.96754610 -0.11980909 0.00000000 1.0000
-0.75313489 -0.15329924 0.00000000 1.0000
-0.50260073 -0.18126839 0.00000000 1.0000
-0.25139747 -0.19813378 0.00000000 1.0000
-0.00000447 -0.20373992 0.00000000 1.0000
0.25140678 -0.19813259 0.00000000 1.0000
0.50259839 -0.18126927 0.00000000 1.0000
0.75313066 -0.15329950 0.00000000 1.0000
0.96755899 -0.11980710 0.00000000 1.0000
1.14584519 -0.08534811 0.00000000 1.0000
1.28758337 -0.05378639 0.00000000 1.0000
1.39392810 -0.02776719 0.00000000 1.0000
1.46482265 -0.00938417 0.00000000 1.0000
1.50000000 0.00000000 0.00000000 1.0000
-1.50000000 0.00000000 -0.02064706 1.0000
-1.46483149 -0.00938576 -0.02064811 1.0000
-1.39393143 -0.02777536 -0.02064988 1.0000
-1.28758710 -0.05380274 -0.02065631 1.0000
-1.14584934 -0.08536964 -0.02067328 1.0000
-0.96754434 -0.11982852 -0.02069652 1.0000
-0.75313451 -0.15331097 -0.02071883 1.0000
-0.50260217 -0.18127154 -0.02073831 1.0000
-0.25139605 -0.19813099 -0.02075045 1.0000
-0.00000447 -0.20373497 -0.02075401 1.0000
0.25140536 -0.19812981 -0.02075045 1.0000
0.50259983 -0.18127242 -0.02073831 1.0000
0.75313028 -0.15331123 -0.02071883 1.0000
0.96755723 -0.11982652 -0.02069652 1.0000
1.14584824 -0.08536972 -0.02067328 1.0000
1.28758376 -0.05380325 -0.02065631 1.0000
1.39392678 -0.02777683 -0.02064988 1.0000
1.46482323 -0.00938771 -0.02064811 1.0000
1.50000000 0.00000000 -0.02064706 1.0000
-1.50000000 0.00000000 -0.06259866 1.0000
-1.46481412 -0.00915394 -0.06259432 1.0000
-1.39393803 -0.02708413 -0.06258748 1.0000
-1.28758882 -0.05247249 -0.06256429 1.0000
-1.14581033 -0.08329473 -0.06250291 1.0000
-0.96755248 -0.11697237 -0.06242454 1.0000
-0.75314378 -0.14973146 -0.06236213 1.0000
-0.50258762 -0.17710409 -0.06231569 1.0000
-0.25140208 -0.19360981 -0.06228935 1.0000
-0.00000410 -0.19909911 -0.06228370 1.0000
0.25141062 -0.19360874 -0.06228935 1.0000
0.50258546 -0.17710488 -0.06231569 1.0000
0.75313990 -0.14973171 -0.06236213 1.0000
0.96756430 -0.11697058 -0.06242454 1.0000
1.14580931 -0.08329479 -0.06250291 1.0000
1.28758576 -0.05247296 -0.06256429 1.0000
1.39393376 -0.02708546 -0.06258748 1.0000
1.46480655 -0.00915569 -0.06259433 1.0000
1.50000000 0.00000000 -0.06259866 1.0000
-1.50000000 0.00000000 -0.12130676 1.0000
-1.46476368 -0.00826437 -0.12132079 1.0000
-1.39390780 -0.02439087 -0.12134561 1.0000
-1.28761369 -0.04721392 -0.12142530 1.0000
-1.14577491 -0.07487480 -0.12163858 1.0000
-0.96750976 -0.10489933 -0.12192804 1.0000
-0.75316728 -0.13401281 -0.12217815 1.0000
-0.50258801 -0.15830718 -0.12238132 1.0000
-0.25136595 -0.17291952 -0.12250542 1.0000
-0.00000245 -0.17778520 -0.12253563 1.0000
0.25137105 -0.17291909 -0.12250543 1.0000
0.50258667 -0.15830748 -0.12238132 1.0000
0.75316498 -0.13401296 -0.12217815 1.0000
0.96751687 -0.10489852 -0.12192805 1.0000
1.14577424 -0.07487479 -0.12163858 1.0000
1.28761186 -0.04721419 -0.12142530 1.0000
1.39390526 -0.02439145 -0.12134561 1.0000
1.46475912 -0.00826512 -0.12132079 1.0000
1.50000000 0.00000000 -0.12130676 1.0000
-1.50000000 0.00000000 -0.17605237 1.0000
-1.46463964 -0.00646333 -0.17603358 1.0000
-1.39395173 -0.01904155 -0.17599845 1.0000
-1.28762702 -0.03690297 -0.17590363 1.0000
-1.14550188 -0.05873691 -0.17564708 1.0000
-0.96756488 -0.08262071 -0.17530814 1.0000
-0.75323285 -0.10595730 -0.17506342 1.0000
-0.50248639 -0.12551226 -0.17487702 1.0000
-0.25140634 -0.13728080 -0.17475647 1.0000
0.00000020 -0.14121230 -0.17473775 1.0000
0.25140593 -0.13728108 -0.17475646 1.0000
0.50248646 -0.12551200 -0.17487703 1.0000
0.75323306 -0.10595733 -0.17506342 1.0000
0.96756433 -0.08262104 -0.17530813 1.0000
1.14550186 -0.05873679 -0.17564708 1.0000
1.28762718 -0.03690299 -0.17590364 1.0000
1.39395195 -0.01904133 -0.17599845 1.0000
1.46463998 -0.00646299 -0.17603358 1.0000
1.50000000 0.00000000 -0.17605237 1.0000
-1.50000000 0.00000000 -0.21938842 1.0000
-1.46458574 -0.00462710 -0.21940860 1.0000
-1.39388367 -0.01357159 -0.21945040 1.0000
-1.28766717 -0.02624056 -0.21954808 1.0000
-1.14552198 -0.04157083 -0.21981941 1.0000
-0.96747417 -0.05800591 -0.22018691 1.0000
-0.75325335 -0.07393419 -0.22042326 1.0000
-0.50251833 -0.08724871 -0.22059077 1.0000
-0.25133465 -0.09522052 -0.22070534 1.0000
0.00000230 -0.09789602 -0.22071361 1.0000
0.25132986 -0.09522104 -0.22070535 1.0000
0.50251960 -0.08724827 -0.22059076 1.0000
0.75325550 -0.07393417 -0.22042325 1.0000
0.96746750 -0.05800664 -0.22018693 1.0000
1.14552263 -0.04157068 -0.21981941 1.0000
1.28766890 -0.02624049 -0.21954807 1.0000
1.39388605 -0.01357107 -0.21945040 1.0000
1.46459000 -0.00462634 -0.21940859 1.0000
1.50000000 0.00000000 -0.21938842 1.0000
-1.50000000 0.00000000 -0.26260415 1.0000
-1.46451549 -0.00227569 -0.26259171 1.0000
-1.39392224 -0.00669534 -0.26256460 1.0000
-1.28766891 -0.01298032 -0.26250673 1.0000
-1.14534629 -0.02071254 -0.26234402 1.0000
-0.96752556 -0.02921762 -0.26212192 1.0000
-0.75329153 -0.03754769 -0.26199148 1.0000
-0.50244745 -0.04453357 -0.26190349 1.0000
-0.25137155 -0.04873718 -0.26183984 1.0000
0.00000361 -0.05014009 -0.26183956 1.0000
0.25136403 -0.04873747 -0.26183984 1.0000
0.50244949 -0.04453332 -0.26190349 1.0000
0.75329490 -0.03754767 -0.26199148 1.0000
0.96751504 -0.02921804 -0.26212191 1.0000
1.14534737 -0.02071246 -0.26234402 1.0000
1.28767163 -0.01298027 -0.26250673 1.0000
1.39392595 -0.00669506 -0.26256460 1.0000
1.46452222 -0.00227528 -0.26259171 1.0000
1.50000000 0.00000000 -0.26260415 1.0000
-1.50000000 0.00000000 -0.28702961 1.0000
-1.46450810 -0.00082117 -0.28703808 1.0000
-1.39391710 -0.00239943 -0.28705612 1.0000
-1.28767275 -0.00463319 -0.28709583 1.0000
-1.14534244 -0.00730967 -0.28720696 1.0000
-0.96751853 -0.01012330 -0.28735743 1.0000
-0.75329442 -0.01283771 -0.28744714 1.0000
-0.50244868 -0.01510396 -0.28750769 1.0000
-0.25136699 -0.01645352 -0.28755056 1.0000
0.00000385 -0.01691114 -0.28755118 1.0000
0.25135897 -0.01645363 -0.28755057 1.0000
0.50245085 -0.01510386 -0.28750769 1.0000
0.75329801 -0.01283770 -0.28744714 1.0000
0.96750731 -0.01012346 -0.28735744 1.0000
1.14534360 -0.00730964 -0.28720696 1.0000
1.28767565 -0.00463317 -0.28709582 1.0000
1.39392106 -0.00239931 -0.28705612 1.0000
1.46451528 -0.00082100 -0.28703808 1.0000
1.50000000 0.00000000 -0.28702961 1.0000
-1.50000000 0.00000000 -0.30000000 1.0000
-1.46451113 0.00000000 -0.30000000 1.0000
-1.39390866 0.00000000 -0.30000000 1.0000
-1.28767536 0.00000000 -0.30000000 1.0000
-1.14536080 0.00000000 -0.30000000 1.0000
-0.96750730 0.00000000 -0.30000000 1.0000
-0.75329208 0.00000000 -0.30000000 1.0000
-0.50245782 0.00000000 -0.30000000 1.0000
-0.25135869 0.00000000 -0.30000000 1.0000
0.00000387 0.00000000 -0.30000000 1.0000
0.25135063 0.00000000 -0.30000000 1.0000
0.50246000 0.00000000 -0.30000000 1.0000
0.75329569 0.00000000 -0.30000000 1.0000
0.96749602 0.00000000 -0.30000000 1.0000
1.14536197 0.00000000 -0.30000000 1.0000
1.28767827 0.00000000 -0.30000000 1.0000
1.39391264 0.00000000 -0.30000000 1.0000
1.46451834 0.00000000 -0.30000000 1.0000
1.50000000 0.00000000 -0.30000000 1.0000
